3 100
148.000000 908.000000 663.000000 3932.000000
107.000000 89.000000 189.000000 1655.000000
572.000000 352.000000 75.000000 1612.000000
152.000000 198.000000 335.000000 2740.000000
667.000000 395.000000 878.000000 8235.000000
81.000000 114.000000 286.000000 2303.000000
881.000000 744.000000 593.000000 5899.000000
644.000000 189.000000 548.000000 5938.000000
706.000000 239.000000 159.000000 2912.000000
947.000000 638.000000 302.000000 3981.000000
979.000000 138.000000 210.000000 4341.000000
994.000000 245.000000 651.000000 7700.000000
184.000000 169.000000 355.000000 3054.000000
259.000000 322.000000 906.000000 7381.000000
947.000000 989.000000 301.000000 3271.000000
825.000000 423.000000 415.000000 4949.000000
464.000000 304.000000 512.000000 4880.000000
409.000000 948.000000 53.000000 -245.000000
957.000000 6.000000 292.000000 5195.000000
116.000000 306.000000 282.000000 1992.000000
771.000000 637.000000 420.000000 4399.000000
333.000000 631.000000 17.000000 -127.000000
985.000000 815.000000 186.000000 2813.000000
692.000000 427.000000 860.000000 8102.000000
598.000000 726.000000 202.000000 1958.000000
900.000000 903.000000 625.000000 5894.000000
667.000000 367.000000 929.000000 8699.000000
531.000000 129.000000 229.000000 3167.000000
584.000000 86.000000 235.000000 3460.000000
228.000000 555.000000 893.000000 6718.000000
862.000000 326.000000 530.000000 6174.000000
282.000000 659.000000 514.000000 3640.000000
299.000000 996.000000 329.000000 1537.000000
838.000000 689.000000 756.000000 7184.000000
698.000000 287.000000 834.000000 8192.000000
900.000000 539.000000 738.000000 7526.000000
525.000000 559.000000 457.000000 4113.000000
454.000000 90.000000 586.000000 5870.000000
35.000000 675.000000 673.000000 4139.000000
623.000000 255.000000 580.000000 5999.000000
516.000000 118.000000 906.000000 8560.000000
399.000000 752.000000 565.000000 4213.000000
913.000000 404.000000 562.000000 6427.000000
242.000000 242.000000 603.000000 5066.000000
351.000000 940.000000 890.000000 6293.000000
185.000000 841.000000 782.000000 5129.000000
275.000000 366.000000 341.000000 2821.000000
733.000000 173.000000 431.000000 5301.000000
319.000000 208.000000 458.000000 4205.000000
344.000000 831.000000 714.000000 5082.000000
924.000000 700.000000 184.000000 2844.000000
830.000000 99.000000 936.000000 9780.000000
748.000000 12.000000 340.000000 4940.000000
662.000000 606.000000 582.000000 5430.000000
265.000000 309.000000 875.000000 7177.000000
507.000000 847.000000 716.000000 5555.000000
289.000000 122.000000 434.000000 4095.000000
982.000000 207.000000 959.000000 10204.000000
766.000000 527.000000 520.000000 5404.000000
224.000000 871.000000 703.000000 4554.000000
290.000000 148.000000 403.000000 3798.000000
474.000000 330.000000 502.000000 4778.000000
411.000000 78.000000 866.000000 8005.000000
103.000000 740.000000 825.000000 5429.000000
686.000000 5.000000 486.000000 5936.000000
913.000000 513.000000 333.000000 4377.000000
629.000000 154.000000 808.000000 8043.000000
415.000000 137.000000 15.000000 1091.000000
727.000000 903.000000 894.000000 7527.000000
247.000000 479.000000 118.000000 727.000000
950.000000 770.000000 266.000000 3438.000000
354.000000 596.000000 596.000000 4638.000000
208.000000 359.000000 27.000000 122.000000
427.000000 463.000000 767.000000 6491.000000
252.000000 501.000000 773.000000 5938.000000
90.000000 414.000000 638.000000 4546.000000
424.000000 395.000000 792.000000 6818.000000
584.000000 162.000000 281.000000 3676.000000
951.000000 889.000000 536.000000 5363.000000
846.000000 136.000000 16.000000 2394.000000
316.000000 439.000000 138.000000 1174.000000
582.000000 793.000000 734.000000 6032.000000
530.000000 353.000000 446.000000 4452.000000
557.000000 780.000000 261.000000 2199.000000
325.000000 384.000000 114.000000 1119.000000
450.000000 475.000000 528.000000 4624.000000
440.000000 251.000000 275.000000 3018.000000
584.000000 187.000000 789.000000 7690.000000
866.000000 138.000000 679.000000 7754.000000
402.000000 336.000000 167.000000 1870.000000
770.000000 652.000000 606.000000 5854.000000
908.000000 234.000000 751.000000 8264.000000
995.000000 117.000000 457.000000 6407.000000
441.000000 674.000000 237.000000 1871.000000
54.000000 351.000000 974.000000 7252.000000
168.000000 153.000000 801.000000 6606.000000
48.000000 593.000000 52.000000 -626.000000
323.000000 178.000000 239.000000 2525.000000
464.000000 396.000000 729.000000 6432.000000
495.000000 798.000000 66.000000 417.000000

